1 2
1 3
2 1
2 3
3 1
3 2
3 4
3 10
4 3
4 5
5 4
5 6
5 7
5 8
5 9
6 5
6 7
7 5
7 6
7 8
8 5
8 7
8 9
9 5
9 8
10 3
10 11
10 16
11 10
11 12
12 11
12 13
12 15
13 12
13 15
13 14
14 13
14 15
15 14
15 13
15 12
16 10
16 17
16 21
16 26
17 16
17 18
18 17
18 19
18 20
19 18
19 20
20 19
20 18
21 16
21 22
21 24
21 25
22 21
22 23
22 24
23 22
23 24
24 23
24 22
24 21
24 25
25 24
25 21
26 16
26 27
26 32
27 26
27 31
31 27
31 30
31 29
31 28
28 31
28 30
28 29
29 28
29 31
29 30
30 29
20 28
30 31
32 26
32 33
33 32
33 34
33 35
34 33
34 35
35 34
35 33