1 2
1 3
1 4
1 5
2 1
2 3
3 1
3 2
3 4
3 6
3 7
4 1
4 3
4 5
5 1
5 4
6 3
6 7
6 13
7 3
7 8
7 9
7 10
7 11
7 6
8 7
8 9
9 8
9 7
9 10
10 9
10 7
10 11
11 7
11 10
11 12
12 11
13 6
13 16
14 15
14 16
15 14
15 16
15 17
15 18
16 13
16 14
16 15
16 17
17 16
17 15
17 18
17 19
18 15
18 17
19 17
19 20
19 21
19 22
20 19
20 21
21 20
21 19
21 22
22 19
22 21
22 23
23 22
23 24
23 28
24 23
24 25
25 24
25 26
25 27
26 25
26 27
26 31
27 25
27 26
27 28
28 23
28 27
28 29
28 30
29 28
29 30
29 32
30 28
30 31
30 32
31 26
31 30
32 29
32 30
32 33
32 34
32 35
33 32
33 34
34 32
34 33
34 35
34 36
35 32
35 34
36 34
36 37
36 40
37 36
37 38
37 39
38 37
38 39
39 37
39 38
39 40
39 41
40 36
40 39
40 41
41 39
41 40
41 42
42 41
42 43
43 42
43 49
44 45
44 49
45 44
45 46
46 45
46 47
47 46
47 48
47 52
48 47
48 49
49 43
49 44
49 48
49 50
50 49
50 51
51 50
51 52
52 47
52 51
1 53
53 1
53 54
53 56
53 57
54 53
54 55
55 54
55 56
56 53
56 55
56 58
57 53
58 56
58 59
59 58
59 60
60 59
60 61
61 60
61 62
62 61
62 65
62 63
63 62
63 64
65 62
64 63
64 66
64 67
66 64
66 68
66 69
67 64
67 68
68 66
68 67
68 70
68 72
69 66
70 68
70 71
70 74
71 70
72 68
72 73
72 74
73 72
74 72
74 70
74 75
74 76
75 74
75 76
76 74
76 75
76 77
76 81
77 76
77 78
77 80
78 77
78 79
79 78
79 80
79 82
80 79
80 77
80 81
81 76
81 80
81 84
82 79
82 83
83 82
83 84
84 83
84 81
84 85
84 86
85 84
85 86
86 85
86 84
86 87
87 86
87 88
88 87
88 89
89 88
89 90
89 91
90 89
90 91
90 92
91 89
91 90
91 93
92 90
92 93
92 94
93 91
93 92
93 94
94 92
94 93
94 95
95 94
95 96
95 97
96 95
96 97
97 95
97 96
96 98
98 96
98 99
98 100
99 98
99 100
100 98
100 99