1 2
1 3
1 4
1 5
2 1
2 3
3 1
3 2
3 4
3 6
3 7
4 1
4 3
4 5
5 1
5 4
6 3
6 7
6 13
7 3
7 8
7 9
7 10
7 11
7 6
8 7
8 9
9 8
9 7
9 10
10 9
10 7
10 11
11 7
11 10
11 12
12 11
13 6
13 16
14 15
14 16
15 14
15 16
15 17
15 18
16 13
16 14
16 15
16 17
17 16
17 15
17 18
17 19
18 15
18 17
19 17
19 20
19 21
19 22
20 19
20 21
21 20
21 19
21 22
22 19
22 21
22 23
23 22
23 24
23 28
24 23
24 25
25 24
25 26
25 27
26 25
26 27
26 31
27 25
27 26
27 28
28 23
28 27
28 29
28 30
29 28
29 30
29 32
30 28
30 31
30 32
31 26
31 30
32 29
32 30
32 33
32 34
32 35
33 32
33 34
34 32
34 33
34 35
34 36
35 32
35 34
36 34
36 37
36 40
37 36
37 38
37 39
38 37
38 39
39 37
39 38
39 40
39 41
40 36
40 39
40 41
41 39
41 40
41 42
42 41
42 43
43 42
43 49
44 45
44 49
45 44
45 46
46 45
46 47
47 46
47 48
47 52
48 47
48 49
49 43
49 44
49 48
49 50
50 49
50 51
51 50
51 52
52 47
52 51